Model Comparison:
CNN_Scratch: 0.7794163823127747
VGG16: 0.9974898099899292
ResNet50: 0.9965484738349915
MobileNetV2: 0.9993724226951599
InceptionV3: 0.9984311461448669
EfficientNetB0: 0.9909005165100098
